MSE: 267.3595886230469
RMSE: 16.351133346557617
MAE: 19.604324340820312
Count of predictions as 0: 161
